0.00009998021909368340
0.00000000000000000000
0.50000000000000000000
0.50000000000000000000
0.99999999317522869635
2.00223330217749984072
1.00000000000000000000
0.00000000000000000000
0.53490328235463324713
0.00000000000000000000
0.00000000000000000000
1.47322720703768128558
-1.00000000000000000000
0.00000000000000000000
1.17694205158583242721
0.52980726082699547419
0.00000000000000000000
0.00000000000000000000
0.28366582797191330911
0.21130033376211207474
0.80878265556454875806
0.85678392159434513253
0.00000000000000000000
0.59082701063383002982
0.00000000000000000000
0.00000000000000000000
0.00007750612620698982
0.18037659473051714798
1.06237816203690904615
0.42955326460481102480
1.43601896130566641929
0.09145719545002646556
0.00000000000000000000
0.00000000000000000000
0.00000000000000000000
0.31161904928483619148
1.92416225740620694395
0.00000000000000000000
0.31928345592386225826
0.00000000000000000000
1.71286030753734319632
0.16500457500150889079
-1.00000000000000000000
0.00000000000000000000
0.72411831415709992932
-1.00000000000000000000
0.00000000000000000000
1.05057803224266810282
-1.00000000000000000000
0.81003751990027006435
