0.00000000000000000000
0.00000000000000000000
0.50000000000000000000
0.50000000000000000000
0.99999999999999988898
-1.00000000000000000000
1.00000000000000000000
0.00000000000000000000
0.53490328006728338206
0.00000000000000000000
0.00000000000000008212
-1.00000000000000000000
-1.00000000000000000000
0.00000000000000000000
-1.00000000000000000000
0.52980726131779465327
0.00000000000000045848
0.00000000000000000000
0.28366583541147116776
0.21130030959752371666
0.80878265703168450429
0.00000000000000000000
0.00000000000000036886
0.00000000000000000000
0.00000000000000000000
0.00000000000000002111
0.00000000000000000000
0.18037661050545067409
1.06237816764132531056
0.42955326460481102480
-1.00000000000000000000
-1.00000000000000000000
0.00000000000000003527
0.00000000000000000000
0.00000000000000025844
0.31161904761904762884
1.92416225749559144376
0.00000000000000005566
0.31928345626975762617
0.00000000000000016091
-1.00000000000000000000
0.00000000000000000000
-1.00000000000000000000
0.00000000000000010688
0.72411831626848710552
-1.00000000000000000000
0.00000000000000000000
1.05057803468208099673
-1.00000000000000000000
0.00000000000000000000
