225 447
212 2 2
41 154 2
217 155 2
144 171 3
40 60 4
142 4 3
162 142 2
45 53 2
215 182 3
51 114 4
218 126 2
85 129 3
25 199 3
164 15 2
164 134 3
51 187 2
178 159 4
121 186 2
47 83 2
209 73 2
72 187 2
61 13 3
34 57 2
30 109 2
152 6 3
124 103 2
164 197 2
19 157 3
201 80 4
2 31 3
58 116 2
94 122 3
128 127 3
111 4 3
37 207 3
81 58 3
103 160 3
164 69 3
190 99 2
39 138 4
188 184 3
141 119 2
202 46 5
51 160 2
35 82 4
39 8 3
52 7 3
108 186 3
173 156 3
67 111 2
49 156 3
92 19 3
50 217 3
64 177 1
149 21 3
132 218 4
104 206 3
55 50 2
18 128 2
77 116 2
97 28 3
50 88 3
91 86 4
99 161 2
23 3 3
18 186 2
96 158 4
53 60 2
33 169 4
43 63 3
52 93 3
61 148 2
212 26 3
111 100 3
182 213 3
170 157 4
176 82 2
87 217 3
150 128 2
107 88 4
199 110 3
137 211 2
125 141 3
48 60 3
175 92 3
174 137 2
180 71 4
54 138 3
85 152 3
42 92 2
189 153 4
122 75 1
69 197 4
44 29 3
218 221 2
66 17 3
128 57 3
57 116 3
219 135 3
132 64 2
108 104 3
8 56 1
222 224 2
203 33 3
129 40 1
89 99 3
16 4 3
223 219 2
68 155 3
90 119 3
222 119 2
113 131 3
30 142 2
111 16 3
41 27 2
85 138 2
180 75 3
95 25 4
32 192 3
161 49 2
149 170 3
155 88 3
7 145 2
102 141 3
157 21 3
114 139 2
106 193 4
207 68 4
9 94 3
39 198 4
122 139 2
220 153 4
143 159 3
24 179 3
203 99 3
25 200 2
56 150 3
136 198 3
29 147 2
220 147 3
24 101 2
75 139 2
181 95 2
188 86 2
9 204 3
172 12 2
166 43 2
211 206 3
115 127 2
69 20 4
137 197 2
79 135 3
32 55 1
130 91 3
199 63 3
125 90 1
62 23 2
168 195 2
50 102 2
175 37 3
126 73 3
113 154 3
177 108 3
98 81 3
120 94 1
57 56 3
66 185 4
173 11 4
105 70 3
79 133 3
81 116 2
107 217 2
200 82 3
144 110 4
145 191 2
132 133 3
145 59 2
10 104 1
181 224 2
96 201 3
61 76 2
146 209 3
21 163 2
26 105 1
37 21 3
192 102 2
90 200 3
79 223 3
213 101 2
68 32 5
14 167 2
115 15 4
172 0 2
41 124 2
174 219 4
91 184 3
76 74 3
54 145 3
85 45 2
166 210 3
194 48 3
1 109 3
101 179 3
154 103 1
113 187 4
175 157 3
131 65 4
17 93 2
221 149 3
215 59 2
63 210 2
4 109 4
136 67 2
10 177 3
210 165 2
143 122 4
95 63 2
172 129 4
76 212 3
78 53 2
36 207 2
189 46 3
115 58 1
108 203 2
189 162 2
204 120 3
134 20 3
216 66 2
35 25 3
119 181 3
14 146 4
175 36 3
78 51 4
152 53 2
188 91 3
205 147 2
70 2 3
121 93 2
143 9 2
3 83 5
107 68 2
76 105 3
85 198 3
80 111 2
150 186 3
11 24 2
140 98 3
166 71 1
72 194 3
212 70 4
202 30 2
18 150 2
171 199 3
124 214 4
44 81 3
105 13 3
61 26 2
205 153 2
123 147 3
185 190 1
141 50 3
190 121 3
9 178 2
209 31 3
38 5 3
117 84 2
168 194 2
55 155 2
41 28 3
22 1 3
149 19 2
148 135 2
110 159 2
180 43 3
168 0 4
72 160 4
114 6 3
178 144 3
42 169 2
74 146 1
39 96 2
201 198 2
171 35 1
131 72 2
195 172 3
151 47 3
15 183 2
110 43 2
82 83 3
28 27 3
80 140 2
121 203 3
77 81 3
86 0 2
214 204 2
97 117 5
116 127 3
100 46 2
65 193 6
133 167 3
78 60 2
10 223 3
48 187 3
208 62 3
62 87 2
216 59 2
45 40 3
64 104 4
133 64 3
22 130 2
158 98 2
137 115 3
120 124 3
188 112 3
148 38 3
118 107 2
163 221 2
185 93 3
12 86 3
200 176 2
3 208 3
117 65 3
131 168 4
16 1 3
156 192 2
71 165 3
87 118 2
216 17 2
100 30 3
89 173 2
138 191 2
185 89 2
100 4 1
84 27 2
224 173 4
2 105 2
98 220 2
211 18 4
191 45 3
161 42 4
24 66 2
165 179 2
16 136 3
157 149 2
83 151 2
221 167 4
27 106 3
80 158 3
92 169 3
196 5 2
47 208 2
59 213 4
201 67 2
73 14 4
36 155 3
29 123 2
87 88 2
206 174 3
127 211 3
33 170 3
14 218 2
32 36 3
167 132 2
17 190 4
90 95 4
78 6 3
94 75 2
139 182 3
44 183 3
34 77 2
123 15 3
180 159 1
74 31 4
214 178 5
129 184 2
11 165 3
102 55 3
202 162 3
183 123 3
142 46 2
206 10 3
136 130 3
8 54 2
12 40 3
196 13 3
118 23 3
31 212 2
184 12 2
219 38 3
152 191 2
205 220 2
48 195 3
215 101 4
184 40 2
99 49 2
140 220 3
205 29 3
140 158 2
154 84 3
28 84 4
222 156 3
16 130 3
54 52 2
47 23 4
125 176 2
117 106 2
222 102 3
52 56 2
2 26 2
71 213 3
196 148 2
114 182 2
148 13 3
113 160 2
215 6 3
179 166 3
91 112 2
58 183 2
49 169 3
147 44 3
54 7 2
170 64 3
192 224 4
8 34 3
177 33 2
57 77 2
216 7 3
176 151 2
194 195 1
120 143 1
41 103 2
126 163 3
134 197 2
223 206 2
38 135 2
22 112 2
89 49 3
79 74 3
174 134 2
33 161 2
19 42 2
193 97 4
82 151 3
181 210 2
182 6 2
96 34 3
20 5 2
S_trans, S_ele: 298551, -267679
S_trans, S_ele: 272596, -247392
S_trans, S_ele: 176087, -347377
S_trans, S_ele: 208711, -248667
S_trans, S_ele: 330782, -240157
