1000
53 38 22
20 69 88
19 85 26
1 47 61
57 12 15
20 76 15
44 94 67
55 61 9
89 49 50
3 94 28
43 57 94
13 77 87
65 44 8
48 47 5
58 88 44
39 69 54
68 52 76
71 32 86
14 12 6
80 86 28
10 11 39
11 21 94
82 72 19
50 79 37
21 87 15
45 6 76
18 75 25
72 85 0
78 47 5
65 2 4
49 79 32
43 94 67
54 26 67
34 82 38
17 4 24
82 88 13
13 87 20
3 68 82
14 83 71
28 10 21
9 62 84
76 50 54
65 51 76
43 37 20
34 85 64
44 87 42
23 2 46
2 65 69
97 32 65
5 49 74
89 41 26
88 28 13
48 5 56
22 13 56
42 11 91
70 98 45
68 57 96
79 21 79
19 9 93
44 1 100
56 5 0
15 19 42
1 39 83
19 24 29
82 27 3
17 68 45
14 40 12
12 66 80
6 42 51
46 87 5
83 8 12
43 33 56
94 34 50
44 38 48
23 98 66
64 51 41
86 5 35
80 73 38
28 83 82
64 2 29
32 64 59
6 10 82
13 72 10
31 49 43
79 8 54
35 76 18
24 59 42
40 24 13
4 29 80
75 99 0
12 56 21
51 91 40
46 17 23
1 47 50
0 16 92
32 25 93
54 95 60
54 2 23
29 64 22
87 99 37
70 80 80
70 93 18
43 50 37
8 76 22
75 71 93
52 96 35
66 33 88
68 45 53
63 94 0
19 18 81
53 92 69
18 45 93
22 31 1
91 77 91
79 65 46
2 62 63
5 2 69
29 98 8...